/Users/dawars/Documents/university/master/TUM/1st_semester/3d_scanning/exercise/output/dragon
iter      cost      cost_change  |gradient|   |step|    tr_ratio  tr_radius  ls_iter  iter_time  total_time
   0  4.406328e+16    0.00e+00    2.42e+16   0.00e+00   0.00e+00  1.00e+04        0    5.16e-03    5.53e-03
   1  3.367295e+15    4.07e+16    3.59e+15   7.13e+02   9.24e-01  2.57e+04        1    5.64e-03    1.13e-02
   2  2.217266e+14    3.15e+15    4.77e+14   3.60e+02   9.36e-01  7.61e+04        1    5.16e-03    1.65e-02
   3  1.502701e+13    2.07e+14    6.39e+13   1.82e+02   9.39e-01  2.28e+05        1    3.65e-03    2.01e-02
   4  1.198666e+12    1.38e+13    9.51e+12   9.60e+01   9.43e-01  6.85e+05        1    4.01e-03    2.42e-02
   5  1.300518e+11    1.07e+12    2.05e+12   5.70e+01   9.38e-01  2.06e+06        1    4.01e-03    2.82e-02
   6  2.887787e+10    1.01e+11    1.33e+11   2.08e+01   8.54e-01  3.18e+06        1    6.71e-03    3.50e-02
   7  3.141418e+10   -2.54e+09    0.00e+00   1.05e+01  -5.98e-01  1.59e+06        1    1.04e-03    3.61e-02
   8  3.141417e+10   -2.54e+09    0.00e+00   1.05e+01  -5.98e-01  3.98e+05        1    5.11e-04    3.66e-02
   9  3.141412e+10   -2.54e+09    0.00e+00   1.05e+01  -5.98e-01  4.97e+04        1    8.02e-04    4.41e-02
  10  3.141368e+10   -2.54e+09    0.00e+00   1.05e+01  -5.98e-01  3.11e+03        1    5.36e-04    4.47e-02
  11  3.140605e+10   -2.53e+09    0.00e+00   1.05e+01  -5.96e-01  9.71e+01        1    4.95e-04    4.52e-02
  12  3.116302e+10   -2.29e+09    0.00e+00   1.03e+01  -5.39e-01  1.52e+00        1    4.14e-04    4.56e-02
  13  2.720909e+10    1.67e+09    5.13e+10   5.01e+00   5.18e-01  1.52e+00        1    4.74e-03    5.04e-02
  14  2.709380e+10    1.15e+08    2.56e+10   2.02e+00   3.19e-01  1.45e+00        1    5.74e-03    5.62e-02
  15  2.706480e+10    2.90e+07    1.44e+10   1.00e+00   3.08e-01  1.37e+00        1    4.35e-03    6.06e-02
  16  2.705614e+10    8.66e+06    6.73e+09   4.66e-01   3.51e-01  1.34e+00        1    8.76e-03    6.94e-02
  17  2.705429e+10    1.85e+06    3.15e+09   2.06e-01   3.56e-01  1.31e+00        1    7.14e-03    7.67e-02
  18  2.705390e+10    3.92e+05    1.37e+09   8.77e-02   3.73e-01  1.28e+00        1    1.20e-02    8.91e-02
  19  2.705382e+10    7.37e+04    5.88e+08   3.66e-02   3.80e-01  1.27e+00        1    6.53e-02    1.55e-01
Ceres Solver Report: Iterations: 20, Initial cost: 4.406328e+16, Final cost: 2.705382e+10, Termination: CONVERGENCE
Initial theta: 0	tx: 0	ty: 0
Final --deg 42.1614 --tx 1247.02 --ty 509.108
sh: pause: command not found

Process finished with exit code 0
